──────────────────────────────
                      【冲穴系统简介】                     
──────────────────────────────

冲穴系统完全是取自中医原理，并根据中国武功的特点引入修炼的概
念。游戏中玩家的能力是以经脉贯通的能力来衡量的，游戏从人体的
 12 大经脉挑择了手太阳小肠经、手少阳三焦经、足太阴脾经、足少
 阴肺经作为游戏角色的四种基本能力。

除去正常的经脉，人体还有督脉、任脉、冲脉、带脉、阴维脉、阳维
脉、阴跷脉、阳跷脉、经外奇脉等奇经八脉。在这九条经脉上，分布
着约共 200 个穴位。每个穴位打通后，均可以激发一定的人体潜能。
按照冲穴规则和次序，每完全冲开一条经脉，还可获得这条经脉额外
的属性点奖励。

9条大经脉
经脉	增加精气	增加气血	恢复精气	恢复气血
阴跷脉	9	12	14	10
阴维脉	7	11	12	9
阳跷脉	11	16	18	15
带脉	  9	13	15	11
阳维脉	12	17	19	15
冲脉	12	17	19	15
督脉	12	17	19	15
任脉	12	17	19	15
经外奇脉	11	16	18	15
所有全通	5	5	5	5
总和	100	141	158	125


明细说明:
穴位	增加精气	增加气血	恢复精气	恢复气血
然谷穴	0	0	0	1
照海穴	0	0	0	1
交信穴	0	0	1	0
阴谷穴	0	1	0	0
横谷穴	1	0	0	0
气冲穴	1	0	0	0
乳根穴	0	1	1	0
盆缺穴	0	1	1	0
人迎穴	1	0	1	0
睛明穴	0	1	1	0
不容穴	0	0	1	1
梁门穴	0	1	1	1
横鼻穴	0	1	1	1
足三里穴	1	1	1	0
丰隆穴	0	1	1	1
解溪穴	1	1	0	1
冲阳穴	1	0	1	1
属兑穴	1	1	1	0
阴跷脉	2	2	2	2
总计	9	12	14	10


穴位	增加精气	增加气血	恢复精气	恢复气血
府舍穴	0	0	0	1
大横穴	0	0	0	1
阳交穴	0	0	1	0
腹哀穴	0	1	0	0
期门穴	1	0	0	0
廉泉穴	1	0	0	0
极泉穴	0	1	1	0
青灵穴	0	1	1	0
少海穴	1	0	1	0
灵道穴	0	1	1	0
通里穴	0	0	1	1
阴郄穴	0	1	1	1
神门穴	0	1	1	1
少府穴	1	1	1	0
少冲穴	0	1	1	1
筑宾穴	1	1	0	1
阴维脉	2	2	2	2
总计	7	11	12	9

穴位	增加精气	增加气血	恢复精气	恢复气血
申脉穴	0	0	0	1
仆参穴	0	0	0	1
跗阳穴	0	0	1	0
居s穴	0	1	0	0
俞穴	1	0	0	0
肩k穴	1	0	0	0
巨骨穴	0	1	1	0
地仓穴	0	1	1	0
巨s穴	1	0	1	0
承泣穴	0	1	1	0
风池穴	0	0	1	1
攒竹穴	0	1	1	1
眉冲穴	0	1	1	1
曲差穴	1	1	1	0
五处穴	0	1	1	1
承光穴	1	1	0	1
通天穴	1	0	1	1
络却穴	1	1	1	0
玉枕穴	0	1	1	1
天柱穴	0	1	1	1
承山穴	1	1	0	1
飞扬穴	0	1	1	1
昆仑穴	1	0	1	1
阳跷脉	2	2	2	2
总计	11	16	18	15

穴位	增加精气	增加气血	恢复精气	恢复气血
带脉穴	0	0	0	1
五枢穴	0	0	0	1
维穴	0	0	1	0
天冲穴	0	1	0	0
浮白穴	1	0	0	0
头窍阴穴	1	0	0	0
完骨穴	0	1	1	0
本神穴	0	1	1	0
阳白穴	1	0	1	0
头临泣穴	0	1	1	0
目窗穴 	0	0	1	1
正营穴	0	1	1	1
承灵穴	0	1	1	1
脑空穴	1	1	1	0
外丘穴	0	1	1	1
光明穴	1	1	0	1
阳辅穴	1	0	1	1
悬钟穴	1	1	1	0
丘墟穴	0	1	1	1
带脉	2	2	2	2
总计	9	13	15	11


穴位	增加精气	增加气血	恢复精气	恢复气血
金门穴	0	0	0	1
阳交穴	0	0	0	1
俞穴	0	0	1	0
天s穴	0	1	0	0
肩井穴	1	0	0	0
头维穴	1	0	0	0
本神穴	0	1	1	0
阳白穴	0	1	1	0
头临泣穴	1	0	1	0
目窗穴	0	1	1	0
正营穴	0	0	1	1
承灵穴	0	1	1	1
脑空穴	0	1	1	1
风池穴	1	1	1	0
风府穴	0	1	1	1
哑门穴	1	1	0	1
云门穴	1	0	1	1
尺泽穴	1	1	1	0
孔最穴	0	1	1	1
列缺穴	0	1	1	1
经渠穴	1	1	0	1
太渊穴	0	1	1	1
鱼际穴	1	0	1	1
少商穴	1	1	1	0
阳维脉	2	2	2	2
总计	12	17	19	15

穴位	增加精气	增加气血	恢复精气	恢复气血
会阴穴	0	0	0	1
阴交穴	0	0	0	1
气冲穴	0	0	1	0
横骨穴	0	1	0	0
大赫穴	1	0	0	0
气穴	1	0	0	0
四满穴	0	1	1	0
中注穴	0	1	1	0
肓俞穴	1	0	1	0
商曲穴	0	1	1	0
石关穴	0	0	1	1
阴都穴	0	1	1	1
通谷穴	0	1	1	1
幽门穴	1	1	1	0
关门穴	0	1	1	1
太乙穴	1	1	0	1
滑肉门穴	1	0	1	1
天枢穴	1	1	1	0
外陵穴	0	1	1	1
大巨穴	0	1	1	1
水道穴	1	1	0	1
归来穴	0	1	1	1
水突穴	1	0	1	1
气舍穴	1	1	1	0
冲脉	2	2	2	2
总计	12	17	19	15

穴位	增加精气	增加气血	恢复精气	恢复气血
会阴穴	0	0	0	1
阴交穴	0	0	0	1
气冲穴	0	0	1	0
横骨穴	0	1	0	0
大赫穴	1	0	0	0
气穴	1	0	0	0
四满穴	0	1	1	0
中注穴	0	1	1	0
肓俞穴	1	0	1	0
商曲穴	0	1	1	0
石关穴	0	0	1	1
阴都穴	0	1	1	1
通谷穴	0	1	1	1
幽门穴	1	1	1	0
关门穴	0	1	1	1
太乙穴	1	1	0	1
滑肉门穴	1	0	1	1
天枢穴	1	1	1	0
外陵穴	0	1	1	1
大巨穴	0	1	1	1
水道穴	1	1	0	1
归来穴	0	1	1	1
水突穴	1	0	1	1
气舍穴	1	1	1	0
冲脉	2	2	2	2
总计	12	17	19	15

穴位	增加精气	增加气血	恢复精气	恢复气血
曲骨穴	0	0	0	1
中极穴	0	0	0	1
关元穴	0	0	1	0
下脘穴	0	1	0	0
中脘穴	1	0	0	0
上脘穴	1	0	0	0
天突穴	0	1	1	0
廉泉穴	0	1	1	0
承浆穴	1	0	1	0
大钟穴	0	1	1	0
水泉穴	0	0	1	1
大赫穴	0	1	1	1
灵墟穴	0	1	1	1
箕门穴	1	1	1	0
涌泉穴	0	1	1	1
神封穴	1	1	0	1
地机穴	1	0	1	1
血海穴	1	1	1	0
腹通谷穴	0	1	1	1
步廊穴	0	1	1	1
神藏穴	1	1	0	1
俞府穴	0	1	1	1
复溜穴	1	0	1	1
阴陵泉穴	1	1	1	0
任脉	2	2	2	2
总计	12	17	19	15

穴位	增加精气	增加气血	恢复精气	恢复气血
神聪穴	0	0	0	1
印堂穴	0	0	0	1
鱼腰穴	0	0	1	0
太阳穴	0	1	0	0
耳尖穴	1	0	0	0
球后穴	1	0	0	0
金津穴	0	1	1	0
玉液穴	0	1	1	0
翳明穴	1	0	1	0
定喘穴	0	1	1	0
夹脊穴	0	0	1	1
腰奇穴	0	1	1	1
二白穴	0	1	1	1
腰痛点穴	1	1	1	0
八邪穴	0	1	1	1
四缝穴	1	1	0	1
十宣穴	1	0	1	1
鹤顶穴	1	1	1	0
百虫窝穴	0	1	1	1
膝眼穴	0	1	1	1
胆囊穴	1	1	0	1
阑尾穴	0	1	1	1
八风穴	1	0	1	1
经外奇脉	2	2	2	2
总计	11	16	18	15

